height rule   frames   sec land px/f lowest line frames off-screen frames held max step
   512 before     69  1.15     15.00         144                 0           0       14
   512 s3k        69  1.15     15.09         128                 0           0       14
   512 free       69  1.15     15.09         144                 0           0       14
   512 ring       69  1.15     15.09         144                 0           0       14
   512 screen     69  1.15     15.09         144                 0           0       14
  1024 before    104  1.73     15.00         144                 0           0       15
  1024 s3k        98  1.63     21.44         128                 0           0       21
  1024 free       98  1.63     21.44         144                 0           0       21
  1024 ring       98  1.63     21.44         144                 0           0       21
  1024 screen     98  1.63     21.44         144                 0           0       21
  2048 before    172  2.87     15.00         144                 0           0       15
  2048 s3k       138  2.30     30.19         212                 0           0       29
  2048 free      138  2.30     30.19         228                 0           0       29
  2048 ring      138  2.30     30.19         228                 0           0       29
  2048 screen    140  2.33     30.62         181                 0          12       27
  3000 before    235  3.92     15.00         144                 0           0       15
  3000 s3k       167  2.78     36.53         481                25           0       36
  3000 free      167  2.78     36.53         497                27           0       36
  3000 ring      174  2.90     38.06         301                34          25       32
  3000 screen    179  2.98     39.16         181                 0          51       27
  5400 before    395  6.58     15.00         144                 0           0       15
  5400 s3k       223  3.72     48.78        1519                81           0       48
  5400 free      223  3.72     48.78        1535                83           0       48
  5400 ring      274  4.57     59.94         301               134         125       32
  5400 screen    279  4.65     61.03         181                 0         151       27
