leg fall_down; before crc 011cdbc8; after24 crc 54f19be6; cam16 crc f524e77a
frame |            before             |            after24            |             cam16            
      |     yv     cy     py  line    |     yv     cy     py  line    |     yv     cy     py  line   
    0 |   13.8    369    527   158    |   13.8    369    527   158    |   13.8    369    527   158   
   10 |   15.0    514    673   159    |   16.0    515    674   159    |   16.0    515    674   159   
   20 |   15.0    664    823   159    |   18.2    682    844   162    |   18.2    674    844   170   
   30 |   15.0    814    973   159    |   20.3    871   1035   164    |   20.3    834   1035   201   
   40 |   15.0    964   1123   159    |   22.5   1082   1249   167    |   22.5    994   1199   205   
   50 |   15.0   1114   1273   159    |   24.7   1315   1484   169    |   24.7   1154   1359   205   
   60 |   15.0   1264   1423   159    |   26.9   1555   1741   186    |   26.9   1314   1519   205   
   70 |   15.0   1414   1573   159    |   29.1   1795   2000   205    |   29.1   1474   1679   205   
   80 |   15.0   1564   1723   159    |   30.8   2011   2215   204    |   31.3   1634   1839   205   
   90 |   15.0   1714   1873   159    |   33.0   2251   2456   205    |   33.5   1794   1999   205   
  100 |   15.0   1864   2023   159    |   35.2   2491   2696   205    |   35.7   1954   2159   205   
  110 |   15.0   2014   2173   159    |   37.4   2731   2930   199    |   37.8   2114   2319   205   
  120 |   15.0   2164   2323   159    |   39.8   2971   3176   205    |   40.0   2274   2479   205   
  130 |   15.0   2314   2473   159    |   42.0   3211   3416   205    |   42.2   2434   2639   205   
  140 |   15.0   2464   2623   159    |   44.0   3451   3656   205    |   44.4   2594   2799   205   
  150 |   15.0   2614   2773   159    |   46.2   3691   3896   205    |   46.6   2754   2959   205   
  160 |   15.0   2764   2923   159    |   48.3   3931   4136   205    |   48.8   2914   3119   205   
  170 |   15.0   2914   3073   159    |   50.8   4171   4376   205    |   51.0   3074   3279   205   
  180 |   15.0   3064   3223   159    |   52.9   4411   4616   205    |   53.2   3234   3439   205   
  190 |   15.0   3214   3373   159    |   55.1   4651   4856   205    |   55.3   3394   3599   205   
  200 |   15.0   3364   3523   159    |   57.1   4891   5086   195    |   57.5   3554   3759   205   
  210 |   15.0   3514   3673   159    |   59.5   5131   5336   205    |   59.7   3714   3919   205   
  220 |   15.0   3664   3823   159    |   61.5   5371   5567   196    |   61.9   3874   4079   205   
  230 |   15.0   3814   3973   159    |   63.7   5611   5807   196    |   63.9   4034   4239   205   
  240 |   15.0   3964   4123   159    |    0.7   5779   5920   141    |   66.1   4194   4399   205   
  250 |   15.0   4114   4273   159    |    2.8   5790   5937   147    |   68.5   4354   4559   205   
  260 |   15.0   4264   4423   159    |    0.2   5821   5920    99    |   70.7   4514   4719   205   
  270 |   15.0   4414   4573   159    |    2.4   5821   5932   111    |   72.8   4674   4879   205   
  280 |   15.0   4564   4723   159    |    4.6   5821   5965   144    |   74.8   4834   5041   207   
  290 |   15.0   4714   4873   159    |    2.0   5821   5927   106    |   77.2   4994   5199   205   
  300 |   15.0   4864   5023   159    |    4.2   5821   5957   136    |   79.4   5154   5359   205   
  310 |   15.0   5014   5173   159    |    1.5   5821   5924   103    |   81.6   5314   5519   205   
  320 |   15.0   5164   5323   159    |    3.7   5821   5949   128    |   83.8   5474   5679   205   
  330 |   15.0   5314   5473   159    |    1.1   5821   5922   101    |   86.0   5634   5839   205   
  340 |   15.0   5464   5623   159    |    3.3   5821   5942   121    |    0.2   5778   5920   142   
  350 |   15.0   5614   5773   159    |    0.7   5821   5920    99    |    2.4   5785   5932   147   
  360 |   15.0   5764   5923   159    |    2.8   5821   5937   116    |    4.6   5817   5965   148   
  370 |    1.3   5824   5923    99    |    0.2   5821   5920    99    |    2.0   5821   5927   106   
  380 |    3.5   5824   5946   122    |    2.4   5821   5932   111    |    4.2   5821   5957   136   
  390 |    0.9   5824   5921    97    |    4.6   5821   5965   144    |    1.5   5821   5924   103   
  400 |    3.1   5824   5939   115    |    2.0   5821   5927   106    |    3.7   5821   5949   128   
  410 |    0.4   5824   5920    96    |    4.2   5821   5957   136    |    1.1   5821   5922   101   
  420 |    2.6   5824   5934   110    |    1.5   5821   5924   103    |    3.3   5821   5942   121   
  430 |    0.0   5824   5920    96    |    3.7   5821   5949   128    |    0.7   5821   5920    99   
  440 |    2.2   5824   5929   105    |    1.1   5821   5922   101    |    2.8   5821   5937   116   
  450 |    4.4   5824   5961   137    |    3.3   5821   5942   121    |    0.2   5821   5920    99   
  460 |    1.8   5824   5926   102    |    0.7   5821   5920    99    |    2.4   5821   5932   111   
  470 |    3.9   5824   5953   129    |    2.8   5821   5937   116    |    4.6   5821   5965   144   
  480 |    1.3   5824   5923    99    |    0.2   5821   5920    99    |    2.0   5821   5927   106   
  490 |    3.5   5824   5946   122    |    2.4   5821   5932   111    |    4.2   5821   5957   136   
  500 |                               |    4.6   5821   5965   144    |                              
