leg fall_diag; before crc 011cdbc8; after24 crc 54f19be6; cam16 crc f524e77a
frame |            before             |            after24            |             cam16            
      |     yv     cy     py  line    |     yv     cy     py  line    |     yv     cy     py  line   
    0 |   13.8    369    527   158    |   13.8    369    527   158    |   13.8    369    527   158   
   10 |    0.0    413    557   144    |    0.0    413    557   144    |    0.0    413    557   144   
   20 |    0.0    413    557   144    |    0.0    413    557   144    |    0.0    413    557   144   
   30 |    0.0    413    557   144    |    0.0    413    557   144    |    0.0    413    557   144   
   40 |    0.0    413    557   144    |    0.0    413    557   144    |    0.0    413    557   144   
   50 |    0.0    413    557   144    |    0.0    413    557   144    |    0.0    413    557   144   
   60 |    0.0    413    557   144    |    0.0    413    557   144    |    0.0    413    557   144   
   70 |    0.0    413    557   144    |    0.0    413    557   144    |    0.0    413    557   144   
   80 |    0.0    413    557   144    |    0.0    413    557   144    |    0.0    413    557   144   
   90 |    0.0    413    557   144    |    0.0    413    557   144    |    0.0    413    557   144   
  100 |    0.0    413    557   144    |    0.0    413    557   144    |    0.0    413    557   144   
  110 |    0.0    413    557   144    |    0.0    413    557   144    |    0.0    413    557   144   
  120 |    0.0    413    557   144    |    0.0    413    557   144    |    0.0    413    557   144   
  130 |    0.0    413    557   144    |    0.0    413    557   144    |    0.0    413    557   144   
  140 |    0.0    413    557   144    |    0.0    413    557   144    |    0.0    413    557   144   
  150 |    0.0    413    557   144    |    0.0    413    557   144    |    0.0    413    557   144   
  160 |    1.8    417    563   146    |    1.8    417    563   146    |    1.8    417    563   146   
  170 |    3.9    442    590   148    |    3.9    442    590   148    |    3.9    442    590   148   
  180 |    6.1    490    639   149    |    6.1    490    639   149    |    6.1    490    639   149   
  190 |    8.3    558    711   153    |    8.3    558    711   153    |    8.3    558    711   153   
  200 |   10.5    649    803   154    |   10.5    649    803   154    |   10.5    649    803   154   
  210 |   12.7    762    918   156    |   12.7    762    918   156    |   12.7    762    918   156   
  220 |   14.9    896   1055   159    |   14.9    896   1055   159    |   14.9    896   1055   159   
  230 |   15.0   1046   1205   159    |   17.1   1053   1214   161    |   17.1   1052   1214   162   
  240 |   15.0   1196   1355   159    |   19.0   1212   1375   163    |   19.0   1196   1375   179   
  250 |   15.0   1346   1505   159    |   21.2   1410   1575   165    |   21.2   1356   1561   205   
  260 |   15.0   1496   1655   159    |   23.2   1607   1774   167    |   23.4   1516   1721   205   
  270 |   15.0   1646   1805   159    |   25.2   1820   1991   171    |   25.6   1676   1881   205   
  280 |   15.0   1796   1955   159    |   26.7   2012   2171   159    |   27.6   1820   2025   205   
  290 |   15.0   1946   2105   159    |   28.7   2204   2409   205    |   29.8   1980   2185   205   
  300 |   15.0   2081   2240   159    |   30.4   2420   2608   188    |   31.7   2140   2329   189   
  310 |   15.0   2216   2375   159    |   32.2   2612   2809   197    |   33.7   2284   2489   205   
  320 |   15.0   2366   2525   159    |   34.1   2828   3026   198    |   36.1   2444   2649   205   
  330 |   15.0   2516   2675   159    |   36.1   3044   3225   181    |   38.1   2588   2793   205   
  340 |   15.0   2666   2825   159    |   37.8   3236   3435   199    |   40.2   2748   2953   205   
  350 |   15.0   2816   2975   159    |   39.6   3428   3618   190    |   42.2   2892   3097   205   
  360 |   15.0   2966   3125   159    |   41.8   3668   3869   201    |   44.4   3052   3257   205   
  370 |   15.0   3116   3275   159    |   43.8   3884   4086   202    |   46.4   3196   3401   205   
  380 |   15.0   3266   3425   159    |   45.5   4076   4268   192    |   48.6   3356   3561   205   
  390 |   15.0   3416   3575   159    |   47.5   4292   4473   181    |   50.8   3516   3721   205   
  400 |   15.0   3566   3725   159    |   49.2   4484   4689   205    |   52.7   3660   3865   205   
  410 |   15.0   3716   3875   159    |   51.4   4700   4905   205    |   54.7   3804   4009   205   
  420 |   15.0   3851   4010   159    |   53.4   4940   5121   181    |   56.9   3964   4169   205   
  430 |   15.0   4001   4160   159    |   55.3   5156   5337   181    |   59.1   4124   4329   205   
  440 |   15.0   4151   4310   159    |   57.3   5372   5567   195    |   60.8   4268   4472   204   
  450 |   15.0   4301   4460   159    |   59.5   5612   5807   195    |   63.0   4428   4632   204   
  460 |   15.0   4451   4610   159    |    0.4   5780   5920   140    |   65.0   4572   4761   189   
  470 |   15.0   4601   4760   159    |    2.6   5788   5934   146    |   66.9   4716   4921   205   
  480 |   15.0   4751   4910   159    |    4.8   5821   5970   149    |   68.9   4860   5065   205   
  490 |   15.0   4901   5060   159    |    2.2   5821   5929   108    |   71.1   5020   5217   197   
  500 |   15.0   5051   5210   159    |    4.4   5821   5961   140    |   73.3   5180   5385   205   
  510 |                               |    1.8   5821   5926   105    |   75.5   5324   5529   205   
  520 |                               |    3.9   5821   5953   132    |                              
