height rule  frames seconds land px/f lowest scr y frames at fall cap frames camera capped
   256 aeon      49    0.82     10.72          144                  0                    0
   256 sce       49    0.82     10.72          128                  0                    0
   256 s2        49    0.82     10.72          128                  0                    0
   256 s3k       49    0.82     10.72          128                  0                    0
   512 aeon      69    1.15     15.00          144                  1                    0
   512 sce       69    1.15     15.09          128                  0                    0
   512 s2        69    1.15     15.09          128                  0                    0
   512 s3k       69    1.15     15.09          128                  0                    0
  1024 aeon     104    1.73     15.00          144                 36                    0
  1024 sce      102    1.70     16.00          128                 29                    0
  1024 s2        98    1.63     21.44          193                  0                   24
  1024 s3k       98    1.63     21.44          128                  0                    0
  2048 aeon     172    2.87     15.00          144                104                    0
  2048 sce      166    2.77     16.00          128                 93                    0
  2048 s2       138    2.30     30.19          581                  0                   64
  2048 s3k      138    2.30     30.19          212                  0                   26
  5400 aeon     395    6.58     15.00          144                327                    0
  5400 sce      375    6.25     16.00          128                302                    0
  5400 s2       223    3.72     48.78         2568                  0                  149
  5400 s3k      223    3.72     48.78         1519                  0                  111
