leg                        base             pre            cap2              g2            g2c2            g2c3   ticks  path-diff vs first
fall_diag            3 / 503         2 / 502         3 / 503         2 / 502         2 / 502         2 / 502        500  [0, 0, 0, 0, 0]
fall_diag_l          4 / 504         6 / 506         4 / 504         4 / 504         4 / 504         4 / 504        500  [0, 0, 0, 0, 0]
fall_diag_mid        4 / 504         0 / 500         2 / 502         4 / 504         4 / 504         4 / 504        500  [0, 0, 0, 0, 0]
fall_diag_rev        0 / 500         1 / 501         0 / 500         0 / 500         0 / 500         0 / 500        500  [0, 0, 0, 0, 0]
fall_down            0 / 500         0 / 500         0 / 500         0 / 500         0 / 500         0 / 500        500  [0, 0, 0, 0, 0]
floor_jumps          0 / 1200        0 / 1200        0 / 1200        0 / 1200        0 / 1200        0 / 1200      1200  [0, 0, 0, 0, 0]
floor_left           0 / 1400        0 / 1400        0 / 1400        0 / 1400        0 / 1400        0 / 1400      1400  [0, 0, 0, 0, 0]
floor_shuttle        0 / 1800        0 / 1800        0 / 1800        0 / 1800        0 / 1800        0 / 1800      1800  [0, 0, 0, 0, 0]
floor_spin           0 / 1000        0 / 1000        0 / 1000        0 / 1000        0 / 1000        0 / 1000      1000  [0, 0, 0, 0, 0]
sec0_left            0 / 900         0 / 900         0 / 900         0 / 900         0 / 900         0 / 900        900  [0, 0, 0, 0, 0]
sec0_loop           25 / 575        18 / 568        16 / 566        27 / 577        18 / 568        24 / 574        550  [1, 2, 1, 2, 1]
sec0_shuttle         0 / 1200        3 / 1203        0 / 1200        0 / 1200        0 / 1200        0 / 1200      1200  [0, 0, 0, 0, 0]
slab_spin            2 / 552         1 / 551         0 / 550         2 / 552         0 / 550         0 / 550        550  [0, 0, 0, 0, 0]
spawn_jumprun        9 / 2034       17 / 2042        7 / 2032       10 / 2035        9 / 2034       10 / 2035      2025  [4, 2, 1, 1, 3]
spawn_right          9 / 2509        9 / 2509        8 / 2508        6 / 2506        6 / 2506        6 / 2506      2500  [0, 0, 0, 0, 0]
spawn_spin           7 / 1657       10 / 1660       11 / 1661        7 / 1657        6 / 1656        7 / 1657      1650  [0, 0, 0, 0, 0]
TOTAL                        63              67              51              62              49              57
