start lfc ticks  cam        work   Tile_Cache_Fil  TileCache_Fill  TileCache_Fill  TileCache_Deco  S4LZ_Decompres  Section_Update  Parallax_Updat  RunObjects
    5   0   3 [540, 477]     73131    1422(1.0)       0(0.0)       0(0.0)       0(0.0)       0(0.0)    5032(1.0)   12552(1.0)   21668(1.0)
   43   0   3 [540, 477]     73830    1422(1.0)       0(0.0)       0(0.0)       0(0.0)       0(0.0)    5032(1.0)   12558(1.0)   24008(1.0)
   50   1   2 [620, 492]    238154  157850(1.0)       0(0.0)  138810(9.0)   64076(6.0)   58840(5.0)    5022(1.0)   12176(1.0)   23536(1.0)
   57   1   2 [716, 511]    146799   57930(1.0)   24726(2.0)   30676(4.0)   10324(1.0)    9450(1.0)   10358(1.0)   12176(1.0)   23536(1.0)
   60   1   2 [748, 519]    211756  123552(1.0)       0(0.0)  115690(9.0)   40164(6.0)   34944(3.0)   10270(1.0)   12176(1.0)   23632(1.0)
   67   1   2 [844, 548]    139113   50170(1.0)   30560(2.0)   17356(2.0)   10324(1.0)    9450(1.0)   10280(1.0)   12176(1.0)   23698(1.0)
   73   1   2 [924, 579]    175078   85116(1.0)   23824(3.0)   57876(6.0)     866(1.0)       0(0.0)   12414(1.0)   12176(1.0)   22242(1.0)
   79   1   2 [975, 615]    152054   67056(1.0)   20204(2.0)   43942(5.0)     866(1.0)       0(0.0)    9790(1.0)   12176(1.0)   20438(1.0)
  113   1   2 [1298, 714]   143216   58890(1.0)   17514(2.0)   38752(4.0)     866(1.0)       0(0.0)   12338(1.0)   12176(1.0)   17236(1.0)
  128   1   2 [1435, 786]   156444   71944(1.0)   20252(2.0)   48526(6.0)     868(1.0)       0(0.0)    9844(1.0)   12176(1.0)   19268(1.0)
  137   1   2 [1513, 847]   200324  114468(1.0)   24982(3.0)   83708(9.0)    5196(6.0)       0(0.0)   12404(1.0)   12176(1.0)   19328(1.0)
  146   0   3 [1601, 931]    95868   18369(1.0)   14721(2.0)    2030(1.0)     866(1.0)       0(0.0)   12150(1.0)   12176(1.0)   19624(1.0)
  151   1   2 [1641, 975]   207086  115252(1.0)   24498(3.0)   82288(9.0)    5196(6.0)       0(0.0)   12398(1.0)   12176(1.0)   17674(1.0)
  162   1   2 [1738, 1098]  150002   71836(1.0)   24838(3.0)   39282(5.0)    4330(5.0)       0(0.0)   12002(1.0)   12176(1.0)   13358(1.0)
  202   0   3 [2130, 1693]   98754   37560(1.0)   20228(2.0)   14532(1.5)       0(0.0)       0(0.0)   13105(1.0)    9092(1.0)   12651(1.0)
  216   1   2 [2257, 1888]  190080  100650(1.0)   55534(3.0)   29864(3.0)   43592(6.0)   38354(4.0)   12486(1.0)    9142(1.0)   16140(1.0)
  221   1   2 [2296, 1948]  143236   54378(1.0)   20204(2.0)   19272(2.0)   10430(1.0)    9554(1.0)   11990(1.0)   12414(1.0)   16092(1.0)
  228   1   2 [2355, 2038]  144704   70508(1.0)   44212(3.0)   20550(2.0)   26716(6.0)   21502(1.0)   12056(1.0)   12774(1.0)   12696(1.0)
  250   1   2 [2561, 2353]  137196   40232(1.0)   20276(2.0)   17200(2.0)       0(0.0)       0(0.0)   14612(1.0)   12128(1.0)   12576(1.0)
  257   1   2 [2619, 2443]  142712   46718(1.0)   20252(2.0)    9772(1.0)   12146(3.0)    9534(1.0)   11978(1.0)   12150(1.0)   16044(1.0)
  277   0   3 [2815, 2743]   97082   32137(1.0)   20228(2.0)    9237(1.0)       0(0.0)       0(0.0)   10789(1.0)   12140(1.0)   16140(1.0)
  315   0   3 [3187, 3313]   99727   34648(1.0)   22561(2.5)    9518(1.0)     869(1.0)       0(0.0)   13217(1.0)   12137(1.0)   12636(1.0)
  346   1   2 [3481, 3763]  138918   51708(1.0)   20228(2.0)   17392(2.0)   10068(1.0)    9190(1.0)   14444(1.0)   12148(1.0)   16140(1.0)
  350   1   2 [3510, 3808]  175704   73742(1.0)   65622(3.0)    6518(1.0)   42000(6.0)   36760(4.0)    9856(1.0)   12146(1.0)   16140(1.0)
  368   0   3 [3677, 4063]  107269   38434(1.0)   26610(2.0)    9120(1.0)   12419(3.5)    9372(1.0)   10977(1.0)    8436(1.0)   16140(1.0)
  379   1   2 [3775, 4213]  163497   86982(1.0)   20276(2.0)   49248(3.0)   35216(6.0)   29984(3.0)   11918(1.0)    7824(1.0)   12576(1.0)
  387   1   2 [3843, 4318]  138806   58888(1.0)   46580(3.0)    9664(1.0)   23412(2.0)   21660(2.0)   11826(1.0)    7748(1.0)   12696(1.0)
  397   1   2 [3931, 4453]  148592   71890(1.0)   24638(3.0)   31002(2.0)   25654(6.0)   20430(2.0)   11990(1.0)    7748(1.0)   12528(1.0)
  400   1   2 [3951, 4483]  140464   45848(1.0)   20252(2.0)    9682(1.0)   11298(2.0)    9554(1.0)   11990(1.0)    8914(1.0)   16068(1.0)
  435   0   3 [4293, 5008]   94581   34853(1.0)   20618(2.0)    9620(1.0)    1737(2.0)       0(0.0)   10900(1.0)    8903(1.0)   14382(1.0)
  451   1   2 [4440, 5233]  152164   89580(1.0)   20276(2.0)   61660(7.0)    3472(4.0)       0(0.0)   11902(1.0)    8904(1.0)   12576(1.0)
  482   0   3 [4744, 5698]   95691   35756(1.0)   20228(2.0)   12900(1.5)       0(0.0)       0(0.0)   12017(1.0)    8906(1.0)   14442(1.0)
  498   1   2 [4890, 5818]  139382   75504(1.0)   14492(2.0)   57876(6.0)     614(1.0)       0(0.0)    7704(1.0)    8898(1.0)   17282(1.0)
  529   0   3 [5194, 5821]   73710   18745(1.0)       0(0.0)   14667(1.5)     868(1.0)       0(0.0)    9035(1.0)    8954(1.0)   15464(1.0)
